0.000000 0.000000 0.000000
0.000000 -0.000277 0.030000
-0.000000 -0.001285 0.060000
0.000000 -0.002964 0.090000
0.000000 -0.005161 0.120000
0.000000 -0.007837 0.150000
-0.000000 -0.011067 0.180000
0.000000 -0.014901 0.210000
0.000000 -0.019351 0.240000
0.000000 -0.024423 0.270000
-0.000000 -0.030123 0.300000
0.000000 -0.036452 0.330000
0.000000 -0.043410 0.360000
-0.000000 -0.050996 0.390000
-0.000000 -0.059210 0.420000
0.000000 -0.068054 0.450000
0.000000 -0.070366 0.457500
0.000000 -0.072717 0.465000
0.000000 -0.076318 0.476250
0.000000 -0.081886 0.493125
0.000000 -0.090611 0.518438
0.000000 -0.099790 0.543750
0.000000 -0.109425 0.569062
0.000000 -0.119517 0.594375
-0.000000 -0.121825 0.600000
