0.000000 0.000000 -0.000000
0.000000 0.000000 290.094574
0.000000 0.000000 568.478516
0.000000 0.000000 747.361511
0.000000 0.000000 845.071167
0.000000 0.000000 890.106873
0.000000 0.000000 912.915588
0.000000 0.000000 929.463135
0.000000 0.000000 943.338745
0.000000 0.000000 955.686157
0.000000 0.000000 967.042053
0.000000 0.000000 977.629578
0.000000 0.000000 987.638184
0.000000 0.000000 997.175903
0.000000 0.000000 1006.390808
0.000000 0.000000 1015.390076
0.000000 0.000000 1017.660217
0.000000 0.000000 1019.923645
0.000000 0.000000 1023.297424
0.000000 0.000000 1028.319214
0.000000 0.000000 1035.789917
0.000000 0.000000 1043.258545
0.000000 0.000000 1050.716187
0.000000 0.000000 1058.145996
0.000000 0.000000 1059.824341
